0.113654 0.862588 0.022254 0.000010 0.001494
0.155753 0.791915 0.029752 0.000010 0.022570
0.221615 0.710588 0.020280 0.023905 0.023612
0.160607 0.815570 0.023803 0.000010 0.000010
0.084937 0.870539 0.000010 0.017537 0.026977
0.105993 0.858558 0.004837 0.000010 0.030602
0.259640 0.682028 0.006278 0.041739 0.010316
0.145129 0.804708 0.015841 0.013691 0.020631
0.246758 0.711950 0.022508 0.018774 0.000010
0.179186 0.767199 0.011615 0.013617 0.028383
0.096812 0.874289 0.000010 0.000010 0.028879
0.082197 0.855560 0.036040 0.020758 0.005444
0.130770 0.804964 0.018578 0.017128 0.028561
0.094306 0.846438 0.000010 0.024325 0.034921
0.216395 0.736034 0.000010 0.015791 0.031770
0.272171 0.680888 0.000010 0.020128 0.026803
0.244701 0.684830 0.013752 0.025045 0.031673
0.148187 0.782112 0.043336 0.012436 0.013929
0.291534 0.553478 0.010326 0.045301 0.099361
0.142231 0.810258 0.025845 0.015730 0.005935
0.233977 0.704829 0.000010 0.030422 0.030762
0.195208 0.734654 0.027424 0.009161 0.033554
0.256999 0.706576 0.000010 0.014349 0.022066
0.134826 0.833938 0.000010 0.015371 0.015855
0.088952 0.853882 0.013824 0.026612 0.016730
0.136950 0.811917 0.014895 0.034061 0.002177
0.145407 0.809060 0.024441 0.011546 0.009546
0.203196 0.747337 0.025559 0.014817 0.009091
0.222597 0.737469 0.006150 0.007018 0.026766
0.248733 0.696360 0.000010 0.026664 0.028234
0.122303 0.620094 0.014893 0.038174 0.204536
0.202093 0.752065 0.014035 0.010026 0.021780
0.146274 0.798302 0.000010 0.009781 0.045633
0.030471 0.945045 0.000010 0.003163 0.021311
0.343427 0.590020 0.020765 0.017083 0.028705
0.321098 0.628138 0.000010 0.019566 0.031187
0.120588 0.846247 0.018550 0.000010 0.014604
0.113173 0.850448 0.000010 0.021719 0.014650
0.230857 0.716679 0.009529 0.034650 0.008286
0.140535 0.822336 0.008100 0.017627 0.011402
0.109333 0.816135 0.013652 0.031118 0.029762
0.243883 0.681935 0.005753 0.037176 0.031253
0.100795 0.856253 0.018504 0.000920 0.023529
0.262379 0.672360 0.027440 0.000010 0.037811
0.324196 0.607197 0.008666 0.019184 0.040756
0.180080 0.765773 0.006593 0.002580 0.044974
0.247103 0.693890 0.024624 0.021134 0.013249
0.180867 0.772915 0.029299 0.002234 0.014685
0.089854 0.888526 0.020601 0.000010 0.001009
0.125791 0.820213 0.000010 0.029062 0.024925
0.055643 0.896741 0.002207 0.014182 0.031227
0.293073 0.662557 0.022571 0.001676 0.020123
0.188035 0.730117 0.007087 0.021915 0.052846
0.870318 0.000010 0.014032 0.043194 0.072446
0.877718 0.000010 0.000010 0.060498 0.061764
0.885945 0.000010 0.000010 0.052344 0.061691
0.887727 0.006372 0.000010 0.071855 0.034036
0.883276 0.000010 0.017359 0.039129 0.060226
0.893502 0.002079 0.000010 0.035833 0.068575
0.875265 0.000010 0.002753 0.062753 0.059219
0.924040 0.002487 0.000862 0.030900 0.041711
0.892023 0.000010 0.005833 0.048190 0.053944
0.918822 0.000010 0.000010 0.000355 0.080803
0.904845 0.000010 0.000010 0.043403 0.051731
0.912046 0.000010 0.000010 0.042386 0.045548
0.912742 0.000010 0.000010 0.034246 0.052992
0.906419 0.000010 0.000010 0.043214 0.050347
0.898506 0.000176 0.000010 0.063874 0.037434
0.895900 0.000010 0.011981 0.040692 0.051417
0.877799 0.000010 0.000010 0.044646 0.077535
0.880558 0.000010 0.010355 0.044299 0.064778
0.879718 0.000010 0.006087 0.044169 0.070017
0.880506 0.003697 0.000010 0.063816 0.051972
0.888054 0.000010 0.003254 0.058890 0.049791
0.909315 0.000010 0.005377 0.032066 0.053232
0.896630 0.000010 0.001553 0.041800 0.060007
0.875846 0.000010 0.000010 0.043092 0.081042
0.906465 0.000010 0.017683 0.019621 0.056221
0.913284 0.000010 0.010721 0.044120 0.031865
0.886440 0.000010 0.014331 0.042392 0.056827
0.906435 0.000010 0.004505 0.014105 0.074945
0.887170 0.000010 0.001514 0.046049 0.065257
0.870635 0.000010 0.000010 0.069134 0.060211
0.908387 0.005555 0.000010 0.036842 0.049205
0.897257 0.000010 0.000010 0.036993 0.065730
0.894534 0.001542 0.012804 0.046447 0.044673
0.892803 0.000010 0.002926 0.041180 0.063081
0.903994 0.000010 0.000010 0.050558 0.045428
0.899788 0.000010 0.007137 0.038265 0.054800
0.897788 0.000010 0.000010 0.052827 0.049366
0.912505 0.000010 0.000010 0.018063 0.069412
0.915231 0.000010 0.000010 0.031170 0.053579
0.862498 0.000010 0.023463 0.072865 0.041164
0.872331 0.000010 0.000010 0.064992 0.062657
0.891596 0.004041 0.000010 0.042924 0.061429
0.886252 0.000010 0.000010 0.050213 0.063514
0.898811 0.000010 0.000010 0.044967 0.056202
0.897163 0.000010 0.000010 0.050835 0.051982
0.919007 0.001443 0.014505 0.021340 0.043706
0.892902 0.000010 0.005320 0.041369 0.060399
0.919126 0.000010 0.000010 0.036593 0.044261
0.878597 0.000010 0.000010 0.063601 0.057783
0.895068 0.004089 0.005447 0.042892 0.052504
0.906531 0.000010 0.000010 0.048239 0.045210
0.904674 0.000010 0.000010 0.038302 0.057004
0.909583 0.000010 0.000010 0.044188 0.046209
0.894229 0.000010 0.007162 0.053069 0.045531
0.889205 0.000010 0.000010 0.060724 0.050051
0.896071 0.001544 0.001162 0.042999 0.058224
0.891420 0.000010 0.000010 0.057693 0.050867
0.886016 0.000010 0.026651 0.040931 0.046391
0.883772 0.002676 0.013040 0.036217 0.064296
0.882046 0.000010 0.000010 0.052374 0.065559
0.857449 0.000010 0.000010 0.075255 0.067276
0.906235 0.000010 0.010305 0.032507 0.050943
0.907172 0.000010 0.001110 0.044135 0.047573
0.897754 0.000010 0.000010 0.035947 0.066279
0.875453 0.000010 0.000010 0.056051 0.068476
0.870380 0.000010 0.000010 0.068057 0.061543
0.896869 0.000010 0.000010 0.038058 0.065053
0.872144 0.000010 0.000010 0.062783 0.065053
0.894968 0.000010 0.000010 0.028403 0.076609
0.886165 0.000010 0.000010 0.054115 0.059700
0.905386 0.000010 0.000010 0.031416 0.063179
0.876617 0.008328 0.000010 0.047604 0.067442
0.898041 0.000010 0.009070 0.037862 0.055017
0.865597 0.000010 0.000010 0.071284 0.063099
0.861745 0.002634 0.007439 0.056830 0.071352
0.911824 0.000010 0.000010 0.021608 0.066548
0.889612 0.000010 0.000010 0.054941 0.055427
0.874227 0.002495 0.039842 0.029544 0.053892
0.884276 0.000010 0.000010 0.041727 0.073977
0.909285 0.000010 0.000010 0.041835 0.048860
0.898542 0.000010 0.000010 0.037427 0.064011
0.883960 0.000010 0.000010 0.051301 0.064719
0.885680 0.000010 0.015505 0.049506 0.049299
0.908880 0.000010 0.005529 0.035445 0.050135
0.908059 0.000010 0.009281 0.041858 0.040792
0.888628 0.000010 0.000010 0.048594 0.062758
0.900013 0.002818 0.000010 0.060200 0.036960
0.870399 0.000010 0.011741 0.062985 0.054865
0.884820 0.000010 0.032169 0.020112 0.062890
0.884536 0.000010 0.007861 0.067418 0.040176
0.887308 0.005478 0.000010 0.053295 0.053908
0.901809 0.000010 0.000010 0.058807 0.039364
0.886956 0.000010 0.000010 0.046207 0.066816
0.875504 0.003501 0.000010 0.061276 0.059708
0.894310 0.000010 0.000010 0.059753 0.045917
0.881590 0.000010 0.008571 0.061893 0.047935
0.864804 0.000010 0.000010 0.073660 0.061516
0.888579 0.000010 0.000010 0.035901 0.075500
0.873685 0.000010 0.000010 0.062150 0.064146
0.876136 0.007587 0.028639 0.040689 0.046949
0.883226 0.000010 0.000010 0.070699 0.046054
0.882435 0.000010 0.003186 0.045700 0.068669
0.863042 0.000010 0.000010 0.062219 0.074718
0.869183 0.000010 0.001534 0.064039 0.065234
0.890866 0.000010 0.000010 0.041306 0.067808
0.898987 0.000010 0.017413 0.032915 0.050675
0.906804 0.005575 0.000010 0.031774 0.055837
0.874364 0.000010 0.006146 0.040660 0.078820
0.892911 0.000010 0.001634 0.032165 0.073280
0.900606 0.000010 0.006589 0.036568 0.056227
0.902280 0.000010 0.004526 0.050075 0.043109
0.889856 0.000010 0.000010 0.065059 0.045065
0.005350 0.000010 0.978517 0.000010 0.016113
0.000010 0.000010 0.973897 0.007398 0.018686
0.000010 0.000010 0.968818 0.000010 0.031152
0.000010 0.000010 0.991146 0.000010 0.008824
0.014127 0.000010 0.973751 0.000010 0.012102
0.008379 0.000010 0.969668 0.000010 0.021933
0.000010 0.000010 0.986819 0.000010 0.013151
0.000010 0.000010 0.979850 0.000010 0.020120
0.006913 0.000010 0.987419 0.000010 0.005648
0.009393 0.000010 0.951478 0.000010 0.039109
0.009901 0.000010 0.986661 0.000010 0.003417
0.009901 0.001250 0.963138 0.000010 0.025702
0.001759 0.000010 0.985412 0.000010 0.012809
0.015380 0.000010 0.963296 0.000010 0.021304
0.000010 0.000010 0.986209 0.003833 0.009937
0.002940 0.000010 0.992898 0.000010 0.004142
0.015159 0.000010 0.974984 0.000010 0.009837
0.000010 0.000010 0.969799 0.020614 0.009566
0.000010 0.000010 0.989127 0.010843 0.000010
0.000010 0.000010 0.995689 0.000010 0.004281
0.000010 0.000010 0.975925 0.000010 0.024045
0.000010 0.000010 0.962842 0.000010 0.037128
0.032411 0.000010 0.929863 0.000010 0.037706
0.007119 0.000010 0.942369 0.000010 0.050492
0.000010 0.000010 0.991493 0.000010 0.008477
0.006385 0.000010 0.964906 0.002325 0.026374
0.000010 0.001745 0.983278 0.006657 0.008310
0.000010 0.000010 0.957012 0.000010 0.042958
0.019862 0.000010 0.943951 0.000795 0.035382
0.000010 0.000010 0.988780 0.007555 0.003644
0.000010 0.000010 0.981300 0.000010 0.018670
0.000010 0.000010 0.999469 0.000010 0.000501
0.002950 0.000010 0.977001 0.000010 0.020029
0.009583 0.000010 0.969607 0.000010 0.020789
0.009507 0.000010 0.980832 0.000010 0.009641
0.013641 0.000010 0.961684 0.000010 0.024655
0.000010 0.000010 0.986238 0.000010 0.013732
0.007174 0.000010 0.973125 0.000010 0.019681
0.007771 0.000010 0.970058 0.000010 0.022151
0.008880 0.000027 0.968578 0.000010 0.022506
0.003787 0.003031 0.979844 0.013328 0.000010
0.014992 0.006554 0.939009 0.000010 0.039435
0.013193 0.000010 0.968777 0.004998 0.013022
0.018074 0.000010 0.966696 0.000010 0.015210
0.000010 0.000010 0.974285 0.000010 0.025685
0.014342 0.000010 0.967487 0.000010 0.018151
0.000010 0.000010 0.999960 0.000010 0.000010
0.003955 0.000010 0.975335 0.002960 0.017740
0.007305 0.000010 0.983935 0.002535 0.006216
0.009290 0.000010 0.963360 0.000010 0.027330
0.000010 0.000010 0.984639 0.000010 0.015331
0.004720 0.000010 0.967906 0.004848 0.022516
0.002910 0.000010 0.974572 0.006022 0.016486
0.000010 0.000073 0.970881 0.000010 0.029026
0.008103 0.000010 0.956694 0.000010 0.035184
0.000010 0.000010 0.983375 0.000010 0.016595
0.008751 0.000118 0.961244 0.000010 0.029877
0.000010 0.000010 0.991275 0.000010 0.008695
0.008796 0.000010 0.966968 0.009025 0.015200
0.000010 0.000010 0.970674 0.004662 0.024644
0.000010 0.000010 0.999960 0.000010 0.000010
0.000010 0.000010 0.980288 0.011342 0.008350
0.000010 0.000010 0.981727 0.000010 0.018243
0.000966 0.000010 0.967992 0.000010 0.031022
0.000010 0.000010 0.994722 0.000010 0.005248
0.000010 0.000010 0.999956 0.000014 0.000010
0.000010 0.000229 0.983877 0.005811 0.010074
0.000010 0.000010 0.999960 0.000010 0.000010
0.000010 0.000010 0.965945 0.003835 0.030200
0.000017 0.000010 0.994974 0.004989 0.000010
0.009997 0.000010 0.973303 0.000010 0.016680
0.001753 0.000010 0.952089 0.011321 0.034828
0.000010 0.000010 0.986826 0.000010 0.013144
0.007861 0.000010 0.962042 0.000010 0.030077
0.019150 0.000010 0.938498 0.005838 0.036504
0.006809 0.000960 0.979558 0.000010 0.012663
0.011713 0.000010 0.972355 0.000010 0.015912
0.004622 0.000010 0.969296 0.000010 0.026061
0.019458 0.000010 0.951067 0.002874 0.026591
0.004549 0.001149 0.960988 0.003364 0.029950
0.000010 0.000010 0.988992 0.000010 0.010978
0.003753 0.000010 0.969490 0.002126 0.024621
0.000010 0.000010 0.999002 0.000968 0.000010
0.000010 0.000872 0.997025 0.000010 0.002084
0.000010 0.000010 0.990001 0.007301 0.002678
0.011151 0.000010 0.982816 0.000010 0.006014
0.000010 0.000010 0.984796 0.013886 0.001298
0.016958 0.000010 0.956610 0.000010 0.026413
0.015145 0.000010 0.966521 0.000010 0.018314
0.000010 0.000010 0.979364 0.000010 0.020606
0.000010 0.000010 0.997650 0.000010 0.002320
0.000010 0.000010 0.999960 0.000010 0.000010
0.021206 0.000010 0.937271 0.007617 0.033896
0.007871 0.000010 0.979255 0.000010 0.012855
0.012281 0.000010 0.967418 0.000010 0.020281
0.000010 0.000010 0.956330 0.000010 0.043640
0.000010 0.000010 0.968075 0.021566 0.010340
0.000010 0.000010 0.975894 0.024076 0.000010
0.000010 0.000010 0.987729 0.011359 0.000892
0.000010 0.000010 0.982352 0.000010 0.017618
0.001675 0.000010 0.971255 0.000010 0.027049
0.000010 0.000010 0.996267 0.000010 0.003703
0.000010 0.000010 0.993997 0.002825 0.003158
0.000010 0.000010 0.982880 0.000010 0.017090
0.014880 0.000010 0.952128 0.000010 0.032972
0.001197 0.000010 0.974285 0.000010 0.024498
0.000010 0.000010 0.983415 0.000010 0.016555
0.003995 0.000010 0.971535 0.000010 0.024450
0.002920 0.000010 0.997050 0.000010 0.000010
0.022030 0.000010 0.963560 0.005150 0.009249
0.005649 0.000010 0.946922 0.012693 0.034727
0.005473 0.000010 0.976239 0.000010 0.018268
0.006810 0.000010 0.970619 0.000010 0.022551
0.007556 0.000010 0.949728 0.006941 0.035764
0.006574 0.000010 0.977551 0.003129 0.012736
0.000010 0.000010 0.969261 0.008785 0.021933
0.017013 0.000010 0.957690 0.000010 0.025277
0.000010 0.000010 0.978366 0.021381 0.000233
0.008508 0.000010 0.983971 0.000010 0.007500
0.000010 0.000010 0.979265 0.000010 0.020705
0.003670 0.000010 0.971275 0.003917 0.021128
0.000010 0.000010 0.980375 0.000010 0.019595
0.000010 0.000010 0.979652 0.000010 0.020318
0.000010 0.000010 0.985662 0.003247 0.011071
0.013951 0.000010 0.958786 0.001776 0.025477
0.018561 0.000010 0.939365 0.000010 0.042054
0.008698 0.000010 0.961559 0.009488 0.020245
0.005452 0.000010 0.980677 0.000010 0.013852
0.003999 0.000010 0.968245 0.000010 0.027735
0.000010 0.000010 0.983700 0.009512 0.006768
0.002338 0.000010 0.996452 0.000010 0.001191
0.000010 0.000010 0.990737 0.000010 0.009233
0.000010 0.000010 0.987809 0.000010 0.012161
0.005643 0.000010 0.956742 0.014449 0.023155
0.000010 0.000010 0.984161 0.000010 0.015809
0.010373 0.000010 0.965554 0.000010 0.024053
0.000211 0.000010 0.984766 0.000010 0.015003
0.026683 0.000010 0.955283 0.000010 0.018014
0.000010 0.000010 0.982590 0.000010 0.017380
0.000010 0.000010 0.999960 0.000010 0.000010
0.000010 0.000010 0.999654 0.000010 0.000316
0.009577 0.000010 0.968895 0.000010 0.021507
0.000010 0.000010 0.999960 0.000010 0.000010
0.000010 0.000010 0.999960 0.000010 0.000010
0.000010 0.000010 0.994787 0.005183 0.000010
0.000010 0.000010 0.993652 0.000010 0.006318
0.000010 0.000010 0.989555 0.000010 0.010415
0.000011 0.000010 0.989735 0.000010 0.010234
0.000010 0.000010 0.979533 0.000010 0.020437
0.000010 0.000010 0.983149 0.000010 0.016821
0.000014 0.000010 0.995629 0.004337 0.000010
0.007489 0.000010 0.975718 0.000010 0.016772
0.000010 0.000010 0.988226 0.000010 0.011744
0.000010 0.000010 0.974419 0.000010 0.025551
0.000010 0.000010 0.999960 0.000010 0.000010
0.000010 0.000010 0.977659 0.022311 0.000010
0.000010 0.000010 0.992525 0.000010 0.007445
0.001267 0.000010 0.982327 0.000010 0.016386
0.000010 0.000010 0.992485 0.007485 0.000010
0.000010 0.000010 0.995335 0.004635 0.000010
0.000010 0.001274 0.978857 0.019850 0.000010
0.000010 0.000010 0.998416 0.001554 0.000010
0.000010 0.000010 0.981029 0.018941 0.000010
0.000010 0.000010 0.999960 0.000010 0.000010
0.000011 0.000010 0.987794 0.010982 0.001204
0.001679 0.000010 0.988376 0.000010 0.009925
0.000010 0.000010 0.977364 0.000010 0.022606
0.003689 0.000011 0.986905 0.000010 0.009385
0.000010 0.000010 0.967870 0.006736 0.025373
0.001775 0.000010 0.988671 0.003784 0.005760
0.000010 0.000010 0.999960 0.000010 0.000010
0.000010 0.000010 0.990086 0.000010 0.009884
0.000010 0.000010 0.977401 0.000010 0.022569
0.000010 0.000010 0.993200 0.006770 0.000010
0.000010 0.000010 0.995167 0.000010 0.004803
0.000010 0.000010 0.992230 0.006642 0.001108
0.007185 0.000010 0.988395 0.004400 0.000010
0.000010 0.000010 0.989365 0.000010 0.010605
0.000010 0.000010 0.979490 0.009813 0.010677
0.012200 0.000010 0.981899 0.000010 0.005881
0.000010 0.000010 0.999960 0.000010 0.000010
0.000010 0.000010 0.998785 0.000010 0.001185
0.000010 0.000010 0.996303 0.000010 0.003667
0.002831 0.000010 0.994442 0.000010 0.002708
0.002042 0.002034 0.972482 0.022074 0.001368
0.000010 0.000010 0.988255 0.000010 0.011715
0.010800 0.000010 0.974378 0.000010 0.014802
0.000010 0.000010 0.986766 0.003888 0.009326
0.000010 0.000010 0.971603 0.000010 0.028367
0.000010 0.000010 0.989211 0.000010 0.010759
0.000010 0.000010 0.990207 0.004714 0.005059
0.000010 0.000010 0.997158 0.002812 0.000010
0.000010 0.000010 0.999960 0.000010 0.000010
0.000010 0.000010 0.986849 0.013121 0.000010
0.000010 0.000010 0.989471 0.000010 0.010499
0.000010 0.000010 0.980691 0.000010 0.019279
0.020310 0.000010 0.945316 0.000010 0.034354
0.000010 0.000010 0.999960 0.000010 0.000010
0.011722 0.000010 0.962188 0.000010 0.026070
0.000010 0.001350 0.986713 0.000010 0.011917
0.001971 0.002364 0.972352 0.003704 0.019610
0.000010 0.000010 0.994099 0.000010 0.005871
0.000010 0.000010 0.999960 0.000010 0.000010
0.000359 0.000010 0.990543 0.009078 0.000010
0.000010 0.000010 0.972997 0.000010 0.026973
0.000010 0.000010 0.990230 0.009740 0.000010
0.003767 0.000010 0.985357 0.008777 0.002090
0.000010 0.000010 0.999960 0.000010 0.000010
0.000010 0.001020 0.993359 0.005601 0.000010
0.000010 0.000010 0.986718 0.013252 0.000010
0.011840 0.000010 0.968646 0.000010 0.019495
0.000010 0.000010 0.995159 0.000010 0.004811
0.000010 0.000010 0.999960 0.000010 0.000010
0.000010 0.000010 0.987767 0.000010 0.012203
0.000010 0.000010 0.991528 0.000010 0.008442
0.000010 0.000010 0.995178 0.000010 0.004792
0.000010 0.000010 0.989464 0.000010 0.010506
0.000010 0.001448 0.993850 0.004682 0.000010
0.000011 0.000010 0.999959 0.000010 0.000010
0.002589 0.000010 0.971778 0.013923 0.011700
0.000010 0.000010 0.999960 0.000010 0.000010
0.000010 0.000010 0.987060 0.002420 0.010500
0.000010 0.000010 0.978025 0.007775 0.014180
0.000010 0.000010 0.988212 0.011758 0.000010
0.000010 0.000010 0.981056 0.000010 0.018914
0.004409 0.000010 0.957262 0.000010 0.038309
0.000010 0.000010 0.991370 0.004227 0.004383
0.000010 0.000010 0.996664 0.000010 0.003306
0.000010 0.000010 0.990559 0.009411 0.000010
0.000010 0.000010 0.984245 0.000010 0.015725
0.000010 0.000010 0.993440 0.000010 0.006530
0.013093 0.000010 0.956727 0.000010 0.030160
0.000010 0.000010 0.987673 0.000010 0.012297
0.000010 0.000010 0.999960 0.000010 0.000010
0.000010 0.000010 0.989025 0.005864 0.005092
0.000011 0.000010 0.980108 0.000010 0.019861
0.000010 0.000010 0.964929 0.000010 0.035041
0.000010 0.000010 0.994833 0.000010 0.005137
0.009542 0.000010 0.979660 0.000010 0.010778
0.000010 0.000010 0.983891 0.000010 0.016079
0.000010 0.000010 0.979292 0.000010 0.020678
0.000010 0.000010 0.981078 0.000010 0.018892
0.000010 0.000010 0.987855 0.000010 0.012115
0.000010 0.000010 0.973570 0.000010 0.026400
0.010083 0.000010 0.977815 0.000010 0.012082
0.000010 0.000010 0.999022 0.000010 0.000948
0.236584 0.000010 0.003387 0.698447 0.061572
0.249758 0.000010 0.006990 0.714526 0.028716
0.253918 0.000010 0.035778 0.688039 0.022255
0.240691 0.000010 0.055864 0.669911 0.033523
0.228032 0.004116 0.050957 0.671190 0.045704
0.343143 0.000010 0.042599 0.595603 0.018644
0.260000 0.000010 0.024238 0.679790 0.035962
0.358810 0.000010 0.013765 0.588568 0.038848
0.251861 0.000010 0.069468 0.649175 0.029485
0.239099 0.000010 0.045160 0.675953 0.039777
0.278117 0.000010 0.030121 0.654810 0.036942
0.250296 0.000010 0.032623 0.683130 0.033941
0.242302 0.000010 0.061110 0.667427 0.029151
0.256120 0.000010 0.027379 0.693822 0.022670
0.249331 0.003431 0.040842 0.681709 0.024688
0.240373 0.000010 0.031411 0.688598 0.039608
0.324002 0.000010 0.037841 0.604668 0.033480
0.339082 0.000010 0.000821 0.590411 0.069676
0.256582 0.000010 0.036381 0.651468 0.055558
0.228431 0.000010 0.016599 0.724120 0.030840
0.288315 0.000010 0.045192 0.612542 0.053940
0.231387 0.000010 0.039725 0.693596 0.035282
0.247877 0.000010 0.024377 0.689140 0.038596
0.252110 0.000010 0.035906 0.699709 0.012265
0.294552 0.000010 0.043825 0.615949 0.045665
0.294285 0.000010 0.024885 0.650565 0.030254
0.271016 0.001090 0.004026 0.674936 0.048932
0.233844 0.000010 0.030486 0.690137 0.045523
0.247904 0.000010 0.046389 0.680086 0.025612
0.342217 0.000010 0.000010 0.585838 0.071925
0.408678 0.000010 0.000010 0.539057 0.052245
0.256029 0.000010 0.036026 0.670965 0.036970
0.261671 0.000010 0.009167 0.694043 0.035109
0.262904 0.000010 0.008028 0.683147 0.045911
0.317524 0.000010 0.034879 0.610968 0.036620
0.395870 0.000010 0.014600 0.527095 0.062425
0.317863 0.000010 0.028175 0.621827 0.032126
0.416680 0.000010 0.006658 0.520739 0.055912
0.456707 0.000010 0.014271 0.486475 0.042537
0.291037 0.000010 0.046555 0.653288 0.009110
0.210192 0.000010 0.062227 0.682441 0.045130
0.408792 0.000010 0.009370 0.519347 0.062481
0.249617 0.000010 0.051823 0.652317 0.046233
0.264828 0.000010 0.027856 0.679457 0.027849
0.243704 0.000010 0.064875 0.675011 0.016400
0.266888 0.000010 0.051860 0.623485 0.057757
0.394247 0.000010 0.000010 0.536381 0.069353
0.240572 0.000010 0.039771 0.690871 0.028776
0.239218 0.000010 0.048200 0.682865 0.029707
0.234809 0.000010 0.031924 0.705847 0.027410
0.271462 0.000010 0.035305 0.677704 0.015518
0.358876 0.000010 0.022230 0.558506 0.060378
0.391502 0.000010 0.014334 0.553763 0.040392
0.291993 0.000010 0.007642 0.654297 0.046057
0.421227 0.000010 0.000010 0.526636 0.052118
0.242113 0.000010 0.035634 0.692092 0.030151
0.244702 0.000010 0.026833 0.685880 0.042575
0.233042 0.000010 0.009826 0.724531 0.032591
0.254579 0.000010 0.022718 0.695052 0.027641
0.252461 0.000010 0.032061 0.686303 0.029165
0.249061 0.000010 0.019139 0.671198 0.060592
0.355961 0.000010 0.008336 0.579049 0.056645
0.343759 0.000010 0.028159 0.597163 0.030908
0.232763 0.000010 0.054486 0.699259 0.013482
0.241423 0.000010 0.030270 0.690313 0.037984
0.329763 0.000010 0.039937 0.592691 0.037599
0.268402 0.000010 0.000010 0.692152 0.039426
0.271561 0.000010 0.038082 0.646590 0.043756
0.402142 0.000010 0.007942 0.539921 0.049984
0.290573 0.000010 0.035394 0.640023 0.034001
0.341501 0.000010 0.022328 0.572148 0.064012
0.306863 0.000010 0.055364 0.593577 0.044186
0.251496 0.000010 0.026056 0.678256 0.044182
0.350958 0.000010 0.031145 0.571109 0.046778
0.233986 0.000010 0.016759 0.711572 0.037673
0.371197 0.000010 0.019437 0.557540 0.051817
0.226745 0.000010 0.035751 0.706843 0.030651
0.357888 0.000010 0.021008 0.555055 0.066039
0.216276 0.000010 0.032543 0.708702 0.042469
0.267574 0.000010 0.030420 0.701986 0.000010
0.272693 0.000010 0.024481 0.681342 0.021474
0.275474 0.000010 0.020582 0.646200 0.057734
0.269901 0.000010 0.016494 0.683096 0.030499
0.248331 0.000010 0.016239 0.698543 0.036878
0.346802 0.000010 0.037811 0.563547 0.051830
0.266737 0.000010 0.047619 0.648857 0.036777
0.247710 0.000010 0.033277 0.699735 0.019268
0.400680 0.000010 0.020662 0.538092 0.040556
0.248845 0.000010 0.014838 0.677541 0.058766
0.273864 0.000010 0.029423 0.655042 0.041661
0.234095 0.000010 0.035431 0.703137 0.027327
0.308078 0.000010 0.042263 0.630058 0.019591
0.262594 0.000010 0.038736 0.663870 0.034790
0.274255 0.000010 0.032243 0.665556 0.027935
0.302691 0.000010 0.028583 0.637710 0.031006
0.258454 0.000010 0.045632 0.676995 0.018910
0.237250 0.000010 0.041578 0.706665 0.014497
0.255609 0.000010 0.032646 0.676403 0.035332
0.243914 0.000010 0.036519 0.675479 0.044078
0.238921 0.000010 0.044808 0.691177 0.025084
0.247923 0.000010 0.046831 0.676516 0.028720
0.000010 0.000010 0.969959 0.000010 0.030011
0.000010 0.000010 0.965823 0.000010 0.034147
0.000010 0.000010 0.969585 0.000010 0.030385
0.000010 0.000010 0.950713 0.008765 0.040502
0.006186 0.000010 0.946598 0.000010 0.047196
0.002688 0.000010 0.953406 0.000010 0.043886
0.000010 0.000010 0.970956 0.000010 0.029014
0.000010 0.000010 0.969947 0.000010 0.030023
0.000010 0.000010 0.926611 0.023115 0.050254
0.000010 0.000010 0.973728 0.000010 0.026242
0.000010 0.000010 0.954986 0.000010 0.044984
0.000010 0.000010 0.978223 0.000010 0.021747
0.000010 0.000010 0.949202 0.000010 0.050768
0.000010 0.000010 0.961014 0.000010 0.038956
0.000010 0.000010 0.972623 0.000010 0.027347
0.000010 0.000010 0.969868 0.000010 0.030102
0.000010 0.000010 0.970386 0.000010 0.029584
0.000010 0.000010 0.952611 0.000010 0.047359
0.000010 0.000010 0.968449 0.000010 0.031521
0.000010 0.000010 0.956641 0.002302 0.041037
0.000010 0.000010 0.959188 0.002080 0.038712
0.000010 0.000010 0.964542 0.000010 0.035428
0.000010 0.000010 0.953497 0.000010 0.046473
0.000010 0.000010 0.976141 0.000010 0.023829
0.000010 0.000010 0.962815 0.000010 0.037155
0.000010 0.000010 0.960831 0.004367 0.034782
0.000010 0.000010 0.962443 0.000010 0.037527
0.000010 0.000010 0.957863 0.004539 0.037578
0.000010 0.000010 0.952758 0.007498 0.039724
0.000010 0.000010 0.981280 0.000010 0.018690
0.000010 0.000010 0.971504 0.000010 0.028466
0.000010 0.000010 0.951430 0.000010 0.048540
0.000010 0.000010 0.955221 0.005468 0.039292
0.000010 0.000010 0.957021 0.000010 0.042949
0.000010 0.000010 0.963272 0.000619 0.036088
0.000010 0.000010 0.959098 0.010210 0.030672
0.000010 0.000010 0.965030 0.000010 0.034940
0.000010 0.000010 0.964304 0.000010 0.035666
0.000010 0.000010 0.958875 0.000010 0.041095
0.000010 0.000010 0.950228 0.005136 0.044617
0.000010 0.000010 0.976619 0.000010 0.023351
0.000010 0.000010 0.978080 0.000010 0.021890
0.000010 0.000010 0.970524 0.000010 0.029446
0.000010 0.000010 0.950632 0.025482 0.023866
0.000010 0.000010 0.970706 0.006762 0.022512
0.000010 0.000010 0.956686 0.000244 0.043050
0.000010 0.000010 0.963214 0.000010 0.036756
0.000010 0.000010 0.969111 0.000010 0.030859
0.006802 0.000010 0.965346 0.006572 0.021269
0.000010 0.000010 0.957436 0.000010 0.042534
0.000010 0.000010 0.963009 0.000010 0.036961
0.000010 0.000010 0.941152 0.000010 0.058818
0.000010 0.000010 0.945048 0.001070 0.053862
0.000011 0.000010 0.958866 0.000010 0.041103
0.000010 0.000010 0.978154 0.000010 0.021816
0.000010 0.000010 0.951047 0.012416 0.036517
0.000011 0.000010 0.972693 0.000010 0.027276
0.000010 0.000010 0.968446 0.000010 0.031524
0.000010 0.000010 0.943280 0.009745 0.046955
0.000010 0.000010 0.946635 0.003184 0.050161
0.000010 0.000010 0.985079 0.001110 0.013791
0.000384 0.000010 0.958747 0.000010 0.040849
0.000010 0.000010 0.960719 0.000010 0.039251
0.000010 0.000010 0.955484 0.006523 0.037974
0.000010 0.000010 0.957403 0.000328 0.042249
0.000010 0.000010 0.961772 0.000010 0.038198
0.000010 0.000010 0.977612 0.000010 0.022358
0.000010 0.000010 0.968450 0.000010 0.031520
0.000010 0.000010 0.959693 0.002476 0.037811
0.000010 0.000010 0.960123 0.003564 0.036293
0.000010 0.000010 0.949615 0.008911 0.041454
0.000010 0.000010 0.957232 0.000010 0.042738
0.000010 0.000010 0.972205 0.000010 0.027765
0.000010 0.000010 0.948263 0.000010 0.051707
0.000010 0.000010 0.959162 0.000010 0.040808
0.000010 0.000010 0.962304 0.000144 0.037532
0.000010 0.000010 0.958818 0.006936 0.034226
0.000010 0.000010 0.977183 0.001282 0.021515
0.000010 0.000010 0.945347 0.000010 0.054623
0.000010 0.000010 0.969072 0.000010 0.030898
0.002544 0.000010 0.975413 0.000010 0.022023
0.000010 0.000010 0.958355 0.000010 0.041615
0.006971 0.000010 0.956422 0.000010 0.036588
0.000010 0.000010 0.964686 0.002670 0.032624
0.000010 0.000010 0.957712 0.000010 0.042258
0.000010 0.000010 0.976473 0.002227 0.021280
0.000010 0.000010 0.960052 0.000010 0.039918
0.003287 0.000010 0.965742 0.003265 0.027696
0.000010 0.000010 0.956804 0.000010 0.043166
0.003145 0.000010 0.948211 0.000010 0.048625
0.000922 0.000010 0.955462 0.000010 0.043597
0.000010 0.000010 0.969467 0.000010 0.030503
0.000010 0.000010 0.973321 0.003796 0.022863
0.000010 0.000010 0.974869 0.000010 0.025101
0.006660 0.000010 0.945161 0.012603 0.035566
0.000010 0.000010 0.977165 0.000010 0.022805
0.000010 0.000010 0.961266 0.002902 0.035812
0.000010 0.000010 0.963921 0.000010 0.036049
0.000010 0.000010 0.959680 0.002298 0.038001
0.000010 0.000010 0.938103 0.000010 0.061867
0.000010 0.000010 0.949042 0.006341 0.044596
0.000010 0.000010 0.975869 0.000010 0.024101
0.000010 0.000010 0.957979 0.000010 0.041991
0.000010 0.000010 0.974803 0.000010 0.025167
0.000010 0.000010 0.976538 0.006987 0.016455
0.000010 0.000010 0.963446 0.010849 0.025685
0.000010 0.000010 0.971392 0.000010 0.028578
0.000010 0.000010 0.969410 0.000010 0.030560
0.002760 0.000010 0.965552 0.000010 0.031668
0.000010 0.000010 0.976495 0.000010 0.023475
0.000010 0.000010 0.952492 0.000010 0.047478
0.000010 0.000010 0.978160 0.000010 0.021810
0.000010 0.000010 0.985795 0.000010 0.014175
0.042585 0.917353 0.006714 0.025203 0.008145
0.037704 0.930137 0.000012 0.032137 0.000010
0.038387 0.936217 0.010909 0.014478 0.000010
0.069326 0.915851 0.014803 0.000010 0.000010
0.030386 0.939284 0.013089 0.011922 0.005318
0.034315 0.941198 0.019809 0.000010 0.004667
0.033208 0.945653 0.014833 0.006295 0.000010
0.046377 0.908207 0.035220 0.010186 0.000010
0.004364 0.948955 0.009205 0.029890 0.007585
0.013611 0.952039 0.009168 0.024629 0.000553
0.036388 0.914944 0.008205 0.040453 0.000010
0.018901 0.932245 0.005694 0.010900 0.032261
0.023201 0.934524 0.026408 0.000010 0.015857
0.031854 0.941970 0.021283 0.000010 0.004883
0.049042 0.931661 0.010737 0.000010 0.008551
0.042850 0.922686 0.034444 0.000010 0.000010
0.031217 0.942392 0.006819 0.000010 0.019562
0.048740 0.910188 0.031741 0.009322 0.000010
0.047887 0.936327 0.000010 0.000010 0.015766
0.036014 0.938693 0.010882 0.004856 0.009555
0.039094 0.940638 0.000010 0.006429 0.013830
0.033135 0.938655 0.001861 0.011816 0.014533
0.043321 0.926101 0.025980 0.004587 0.000010
0.026338 0.950173 0.019356 0.002028 0.002105
0.066362 0.906995 0.010679 0.015953 0.000010
0.043165 0.909308 0.023996 0.023521 0.000010
0.022269 0.930562 0.007585 0.034409 0.005175
0.022490 0.929006 0.043345 0.005148 0.000010
0.035275 0.935708 0.004904 0.018471 0.005643
0.057634 0.923679 0.017146 0.000010 0.001531
0.022630 0.943391 0.000010 0.027666 0.006304
0.048929 0.926939 0.006570 0.016427 0.001136
0.017549 0.936734 0.023979 0.012830 0.008909
0.023963 0.938344 0.019668 0.012890 0.005135
0.044207 0.945569 0.000010 0.005490 0.004724
0.029429 0.945764 0.002459 0.005766 0.016582
0.030137 0.940051 0.012399 0.017403 0.000010
0.044051 0.934502 0.003426 0.000010 0.018011
0.049367 0.937554 0.000751 0.012318 0.000010
0.032022 0.938434 0.007031 0.017247 0.005265
0.064079 0.918673 0.000010 0.011112 0.006126
0.044111 0.925237 0.022248 0.003509 0.004895
0.011355 0.943548 0.005693 0.032918 0.006485
0.015433 0.929642 0.003955 0.035795 0.015175
0.048342 0.924029 0.022552 0.000010 0.005067
0.021801 0.931752 0.008312 0.038124 0.000010
0.030662 0.940389 0.008903 0.018239 0.001808
0.039604 0.934307 0.004455 0.008953 0.012682
0.028615 0.934774 0.020475 0.016126 0.000010
0.043844 0.934109 0.000010 0.022027 0.000010
0.002886 0.955500 0.002720 0.030780 0.008115
0.024022 0.955826 0.017908 0.000010 0.002234
0.045350 0.924140 0.020118 0.010381 0.000010
0.026275 0.933508 0.022553 0.013282 0.004382
0.028783 0.937495 0.021265 0.000010 0.012447
0.015185 0.954317 0.008562 0.008121 0.013815
0.015908 0.955596 0.022225 0.003340 0.002931
0.032741 0.933609 0.000010 0.021699 0.011941
0.020095 0.950813 0.007716 0.021365 0.000010
0.029830 0.942132 0.008680 0.019348 0.000010
0.016338 0.942231 0.008575 0.024056 0.008800
0.038979 0.913507 0.003675 0.034621 0.009217
0.022164 0.934788 0.000010 0.039672 0.003366
0.048441 0.934048 0.007371 0.010130 0.000010
0.019928 0.936885 0.028952 0.000010 0.014225
0.035866 0.935943 0.027122 0.001059 0.000010
0.037328 0.925202 0.015550 0.021910 0.000010
0.022188 0.957232 0.008363 0.009429 0.002787
0.034055 0.918122 0.015104 0.032710 0.000010
0.040037 0.937170 0.011202 0.000010 0.011581
0.028172 0.938896 0.012127 0.004007 0.016798
0.041652 0.927824 0.017029 0.013485 0.000010
0.067336 0.923349 0.008634 0.000010 0.000671
0.052333 0.929568 0.014833 0.000010 0.003256
0.012176 0.955073 0.000010 0.027797 0.004944
0.037424 0.943283 0.005816 0.000010 0.013467
0.023646 0.940994 0.013418 0.017789 0.004153
0.019590 0.940888 0.022301 0.009538 0.007682
0.021719 0.954725 0.009155 0.007819 0.006583
0.057362 0.922362 0.006540 0.013725 0.000010
0.045575 0.940960 0.008652 0.000010 0.004803
0.028719 0.941157 0.009385 0.004146 0.016593
0.038195 0.944068 0.009831 0.000010 0.007896
0.038506 0.933418 0.019444 0.000010 0.008623
0.034069 0.949274 0.001897 0.009900 0.004860
0.038596 0.922806 0.000010 0.024558 0.014030
0.026487 0.943903 0.012262 0.017339 0.000010
0.004204 0.958471 0.019101 0.008625 0.009599
0.026539 0.948164 0.015187 0.007843 0.002266
0.024290 0.944650 0.019495 0.009672 0.001894
0.043969 0.945895 0.001919 0.000010 0.008208
0.052458 0.940056 0.000010 0.000010 0.007465
0.025736 0.933198 0.005899 0.027076 0.008090
0.044127 0.933439 0.022414 0.000010 0.000010
0.022352 0.956167 0.000010 0.012346 0.009124
0.057197 0.922807 0.012714 0.000010 0.007272
0.042118 0.924778 0.019072 0.002411 0.011622
0.056018 0.943952 0.000010 0.000010 0.000010
0.010250 0.961144 0.009213 0.000010 0.019383
0.048161 0.935001 0.004447 0.000119 0.012272
0.022690 0.956565 0.003807 0.001110 0.015828
0.018016 0.954814 0.015765 0.000010 0.011395
0.041912 0.932620 0.024510 0.000572 0.000386
0.043957 0.939407 0.016616 0.000010 0.000010
0.041552 0.939837 0.017101 0.001500 0.000010
0.014597 0.951962 0.026840 0.002084 0.004517
0.024759 0.938278 0.000010 0.028759 0.008193
0.034972 0.936137 0.028871 0.000010 0.000010
0.032244 0.946493 0.001696 0.019557 0.000010
0.042973 0.917818 0.014361 0.024838 0.000010
0.333715 0.061695 0.023432 0.000010 0.581148
0.382890 0.045647 0.071918 0.016477 0.483068
0.426218 0.043552 0.020699 0.039636 0.469894
0.402840 0.093655 0.030010 0.008693 0.464802
0.682213 0.038796 0.031289 0.017885 0.229817
0.569631 0.011471 0.068362 0.026901 0.323635
0.345330 0.061263 0.015073 0.013873 0.564460
0.599374 0.021079 0.004837 0.024328 0.350382
0.486247 0.065844 0.018200 0.019877 0.409833
0.284822 0.060171 0.022300 0.000010 0.632698
0.337074 0.020449 0.021472 0.035984 0.585022
0.411764 0.030495 0.042302 0.023452 0.491986
0.193945 0.031890 0.022871 0.037311 0.713983
0.546497 0.033258 0.026533 0.019700 0.374012
0.549836 0.055328 0.029835 0.000010 0.364991
0.758458 0.049002 0.017784 0.020698 0.154058
0.595954 0.049324 0.025630 0.018369 0.310724
0.638993 0.051216 0.016433 0.052050 0.241308
0.610971 0.008518 0.000010 0.060056 0.320444
0.548015 0.052876 0.026889 0.028254 0.343966
0.250721 0.048455 0.046675 0.017338 0.636810
0.390388 0.078529 0.040854 0.033582 0.456648
0.424981 0.060303 0.005151 0.013894 0.495670
0.415098 0.115530 0.000010 0.029549 0.439813
0.452549 0.072769 0.005373 0.032811 0.436498
0.244622 0.012131 0.003537 0.035076 0.704635
0.438658 0.046508 0.022198 0.046398 0.446239
0.445508 0.016499 0.028843 0.032555 0.476595
0.448441 0.040449 0.019691 0.011060 0.480359
0.259938 0.062134 0.017717 0.005510 0.654701
0.609638 0.038182 0.009891 0.042052 0.300237
0.435523 0.071055 0.029831 0.030579 0.433012
0.303821 0.054057 0.043210 0.000010 0.598902
0.446479 0.021142 0.019048 0.042467 0.470864
0.654344 0.074192 0.000010 0.026392 0.245063
0.334000 0.065322 0.048333 0.014435 0.537911
0.252300 0.041926 0.039799 0.010805 0.655170
0.620281 0.033068 0.017133 0.020755 0.308764
0.437140 0.072489 0.014344 0.021509 0.454518
0.365085 0.064789 0.026670 0.005270 0.538185
0.500576 0.034758 0.078420 0.040175 0.346071
0.375607 0.063051 0.035131 0.011248 0.514964
0.327677 0.071891 0.032552 0.000603 0.567277
0.518834 0.051134 0.038508 0.000010 0.391513
0.440990 0.042594 0.013927 0.039609 0.462880
0.354836 0.065959 0.050148 0.010251 0.518806
0.606455 0.036332 0.026829 0.027862 0.302522
0.442844 0.066111 0.035754 0.041945 0.413346
0.458672 0.044106 0.020706 0.053151 0.423364
0.846525 0.031016 0.029155 0.018840 0.074463
0.630840 0.054939 0.002978 0.038878 0.272365
0.353444 0.036462 0.038350 0.024922 0.546822
0.452170 0.039720 0.021971 0.019264 0.466874
0.554811 0.042100 0.068053 0.001310 0.333726
0.200332 0.032281 0.057968 0.000010 0.709409
0.163304 0.016386 0.041000 0.000010 0.779301
0.566623 0.057576 0.037422 0.031797 0.306582
0.545997 0.058642 0.012472 0.020049 0.362839
0.230165 0.753247 0.013739 0.001627 0.001221
0.193040 0.772878 0.027210 0.000773 0.006099
0.237689 0.675841 0.035528 0.050932 0.000010
0.236819 0.717141 0.028930 0.017100 0.000010
0.221641 0.748291 0.028413 0.001645 0.000010
0.194749 0.747994 0.036764 0.018748 0.001746
0.195025 0.738736 0.036883 0.029347 0.000010
0.228397 0.733406 0.026209 0.011979 0.000010
0.215171 0.742639 0.004739 0.037441 0.000010
0.278976 0.632790 0.029710 0.044040 0.014484
0.214386 0.733606 0.015303 0.035314 0.001392
0.213465 0.767729 0.011651 0.007145 0.000010
0.216863 0.742066 0.024846 0.016215 0.000010
0.205345 0.772366 0.018466 0.003813 0.000010
0.205887 0.743607 0.018112 0.032384 0.000010
0.187153 0.730808 0.040691 0.041338 0.000010
0.229141 0.728746 0.019373 0.021087 0.001654
0.252749 0.726745 0.012484 0.008012 0.000010
0.246366 0.720969 0.027152 0.005503 0.000010
0.220740 0.726943 0.035807 0.016501 0.000010
0.242622 0.722181 0.031026 0.004161 0.000010
0.249462 0.719116 0.021555 0.009857 0.000010
0.198413 0.762029 0.039530 0.000018 0.000010
0.221719 0.735079 0.042723 0.000010 0.000469
0.231082 0.723298 0.022087 0.013285 0.010248
0.239736 0.736069 0.017727 0.000010 0.006458
0.241049 0.734642 0.018766 0.005533 0.000010
0.261643 0.711559 0.026778 0.000010 0.000010
0.228784 0.734591 0.029494 0.007120 0.000010
0.234813 0.716989 0.032323 0.015865 0.000010
0.263674 0.724339 0.008973 0.003004 0.000010
0.213965 0.740619 0.021572 0.023834 0.000010
0.221444 0.735916 0.042620 0.000010 0.000010
0.219917 0.749566 0.000010 0.030497 0.000010
0.207897 0.710179 0.044431 0.027276 0.010218
0.183079 0.769099 0.028416 0.017175 0.002231
0.235333 0.715530 0.038068 0.010150 0.000920
0.209589 0.725920 0.011419 0.023776 0.029296
0.188001 0.768639 0.007519 0.034022 0.001819
0.223304 0.749047 0.023711 0.003929 0.000010
0.210502 0.737831 0.012980 0.031278 0.007410
0.187776 0.770940 0.024090 0.017184 0.000010
0.195119 0.751426 0.025837 0.026051 0.001567
0.153507 0.817769 0.028703 0.000010 0.000010
0.273318 0.698758 0.024289 0.003625 0.000010
0.158443 0.815180 0.013406 0.003669 0.009303
0.169435 0.805125 0.025420 0.000010 0.000010
0.218852 0.718198 0.015347 0.041288 0.006315
0.173412 0.801591 0.010283 0.011254 0.003460
0.210270 0.724834 0.030344 0.028428 0.006124
0.214186 0.740575 0.011473 0.027150 0.006616
0.158259 0.810397 0.013418 0.006065 0.011861
0.223037 0.720054 0.029628 0.027272 0.000010
0.221750 0.747858 0.026559 0.000010 0.003823
0.182261 0.778967 0.024864 0.013898 0.000010
0.270215 0.708028 0.011911 0.009837 0.000010
0.183123 0.770414 0.038426 0.005406 0.002632
0.123061 0.839760 0.032260 0.004909 0.000010
0.223716 0.728564 0.000010 0.037246 0.010464
0.125159 0.846213 0.028608 0.000010 0.000010
0.131062 0.843126 0.000010 0.024747 0.001056
0.221473 0.738098 0.028447 0.005965 0.006017
0.203191 0.737606 0.029370 0.029823 0.000010
0.232909 0.741652 0.025419 0.000010 0.000010
0.217915 0.738226 0.029701 0.014147 0.000010
0.190363 0.720235 0.050206 0.036357 0.002839
0.219727 0.722449 0.023298 0.030992 0.003533
0.248321 0.722618 0.023735 0.005316 0.000010
0.246492 0.735292 0.018154 0.000052 0.000010
0.246677 0.726000 0.027303 0.000010 0.000010
0.262770 0.657623 0.026415 0.045826 0.007366
0.234023 0.717567 0.035373 0.013027 0.000010
0.237745 0.735977 0.026258 0.000010 0.000010
0.226045 0.729697 0.013768 0.016559 0.013931
0.240060 0.740614 0.005913 0.013403 0.000010
0.230625 0.723224 0.030073 0.016069 0.000010
0.181932 0.770764 0.019417 0.013704 0.014182
0.242401 0.722107 0.033555 0.001927 0.000010
0.204723 0.726567 0.024003 0.044697 0.000010
0.217611 0.752836 0.020612 0.000010 0.008931
0.237157 0.731364 0.031006 0.000464 0.000010
0.210324 0.750941 0.009056 0.018361 0.011318
0.223081 0.749680 0.027219 0.000010 0.000010
0.199560 0.751917 0.032993 0.011039 0.004490
0.248915 0.724119 0.025810 0.001146 0.000010
0.219178 0.723938 0.039206 0.010461 0.007216
0.220339 0.731597 0.017497 0.030557 0.000010
0.231001 0.741079 0.027306 0.000604 0.000010
0.223608 0.743060 0.020635 0.012688 0.000010
0.177246 0.801126 0.012882 0.000010 0.008735
0.232968 0.732168 0.032424 0.000010 0.002429
0.237629 0.720431 0.036835 0.005095 0.000010
0.221978 0.734537 0.000010 0.028717 0.014759
0.233462 0.726057 0.030048 0.010423 0.000010
0.257533 0.713545 0.019602 0.009309 0.000010
